function B=multibands_Landsat(wave)

%band 1, coastal aerosol
a1=427:459;
b1=[0.000073;0.000609;0.001628;0.003421;0.008019;0.024767;0.085688;
    0.254149;0.517821;0.765117;0.908749;0.958204;0.977393;0.98379;
    0.989052;0.986713;0.993683;0.993137;1;0.996969;0.98278;0.972692;
    0.905808;0.745606;0.471329;0.226412;0.09286;0.036603;0.014537;
    0.005829;0.002414;0.000984;0.000255];

%band 2, blue
a2=436:527;
b2=[0.00001;0.000061;0.000117;0.000241;0.000349;0.000455;0.000756;
    0.001197;0.00207;0.003712;0.006869;0.013212;0.02717;0.058606;0.130876;
    0.27137;0.493542;0.723971;0.85751;0.894222;0.903034;0.910928;0.90988;
    0.899475;0.897977;0.889667;0.883542;0.877453;0.881011;0.874721;
    0.879688;0.886569;0.891913;0.88768;0.861157;0.848533;0.840828;
    0.828339;0.844202;0.865864;0.868497;0.890253;0.912538;0.910385;
    0.918822;0.931726;0.931813;0.954248;0.955545;0.96242;0.956424;
    0.953352;0.978564;0.989104;0.985615;0.989469;0.982262;0.968801;
    0.967332;0.976836;0.988729;0.980826;0.967361;0.954754;0.964132;
    0.966125;0.966772;0.981834;0.98232;0.965685;0.963135;0.972261;
    0.996498;1;0.9556;0.844893;0.534592;0.190738;0.048329;0.013894;
    0.005328;0.002611;0.001557;0.0011;0.000785;0.000516;0.000321;
    0.000162;0.000072;0.000057;0.000023;0.000032];

%band 3, green
a3=513:600;
b3=[0.000016;0.00011;0.000247;0.000362;0.000648;0.000935;0.001332;
    0.001816;0.002515;0.003446;0.00488;0.007024;0.010441;0.016247;
    0.025513;0.041451;0.070551;0.123444;0.21168;0.353885;0.545856;
    0.741205;0.865225;0.927396;0.954627;0.954163;0.959215;0.961328;
    0.964902;0.969873;0.952489;0.961397;0.97827;0.977533;0.977001;
    0.980884;0.990784;1;0.992264;0.982642;0.983832;0.977765;0.965081;
    0.957314;0.946245;0.947871;0.959038;0.966534;0.977656;0.966447;
    0.953399;0.958314;0.970039;0.978607;0.983397;0.98096;0.974522;
    0.967229;0.979406;0.978208;0.975818;0.974392;0.979973;0.968827;
    0.969181;0.967838;0.982956;0.979598;0.963811;0.968886;0.983655;
    0.986657;0.974207;0.946407;0.904478;0.809275;0.684974;0.525304;
    0.345364;0.190467;0.087833;0.035393;0.014077;0.005944;0.002574;
    0.001046;0.000394;0.000085];

%band 4, red
a4=626:682;
b4=[0.00027;0.000895;0.00185;0.003648;0.007197;0.014515;0.030432;
    0.066861;0.148518;0.299778;0.526812;0.764443;0.905473;0.947949;
    0.950823;0.947418;0.951831;0.962705;0.975075;0.984173;0.983613;
    0.983434;0.982911;0.973636;0.959441;0.955641;0.955548;0.953337;
    0.956628;0.981688;1;0.992388;0.984615;0.981568;0.97696;0.97298;
    0.98108;0.996804;0.992142;0.980678;0.964002;0.962154;0.970778;
    0.96718;0.966928;0.949928;0.848855;0.609359;0.31635;0.123946;
    0.046033;0.017702;0.007333;0.003205;0.001402;0.000554;0.000117];

%band 5, NIR
a5=830:896;
b5=[0.000011;0.00005;0.0001;0.000239;0.000314;0.000495;0.000719;
    0.000986;0.001445;0.002107;0.00316;0.004744;0.007059;0.0109;
    0.017346;0.028332;0.048191;0.084363;0.145365;0.249733;0.403526;
    0.582623;0.745037;0.890315;0.960215;0.986833;0.973133;0.980606;
    0.99612;1;0.989777;0.980733;0.975935;0.972043;0.957357;0.951209;
    0.947044;0.953162;0.951499;0.94845;0.940094;0.950632;0.956079;
    0.96646;0.969821;0.93661;0.891066;0.788733;0.63532;0.448364;0.288847;
    0.174619;0.100343;0.058265;0.034532;0.02072;0.01244;0.007601;
    0.004702;0.002944;0.00187;0.001192;0.000743;0.000423;0.000241;
    0.000116;0.000044];

%band 6, pan
a6=488:692;
b6=[0.000216;0.000514;0.001013;0.001587;0.002619;0.003841;0.006195;
    0.009003;0.015515;0.02327;0.042723;0.066556;0.124269;0.196006;
    0.323232;0.472496;0.598302;0.714816;0.776009;0.816555;0.831881;
    0.837994;0.848975;0.861668;0.862705;0.85964;0.858532;0.858244;
    0.857148;0.855759;0.858455;0.862834;0.860609;0.855993;0.852785;
    0.850183;0.852788;0.857317;0.85913;0.859876;0.861508;0.863494;
    0.860265;0.855102;0.864423;0.879249;0.885593;0.888663;0.894758;
    0.902017;0.906294;0.90929;0.911734;0.914;0.909776;0.902939;0.908919;
    0.919859;0.92162;0.919456;0.91302;0.905134;0.892702;0.878599;
    0.876838;0.879443;0.878303;0.875692;0.872666;0.869478;0.875361;
    0.884759;0.889903;0.893427;0.885948;0.874097;0.875674;0.882402;
    0.891375;0.901194;0.903528;0.902826;0.907551;0.91435;0.914932;
    0.91319;0.915508;0.919554;0.920802;0.92104;0.924431;0.929105;
    0.930068;0.929551;0.937549;0.948863;0.947084;0.940273;0.940813;
    0.944136;0.945674;0.946566;0.942462;0.936298;0.939621;0.946659;
    0.942374;0.933839;0.93425;0.93784;0.940838;0.943626;0.952415;
    0.963664;0.967381;0.968241;0.968233;0.967878;0.965083;0.961367;
    0.957232;0.952939;0.949345;0.946006;0.948081;0.952465;0.954526;
    0.955814;0.959149;0.963216;0.964158;0.963953;0.965943;0.968789;
    0.972688;0.977026;0.978028;0.977901;0.974158;0.969078;0.969583;
    0.972297;0.972906;0.972708;0.969732;0.96578;0.965561;0.966835;
    0.966641;0.965899;0.972067;0.981077;0.980971;0.977722;0.974405;
    0.971123;0.963139;0.95326;0.953494;0.957536;0.963851;0.970928;
    0.969453;0.96475;0.966541;0.970613;0.973941;0.977055;0.982894;0.98977;
    0.988302;0.983542;0.987968;0.995538;0.998579;1;0.99981;0.999061;
    0.997891;0.99658;0.992555;0.987369;0.985862;0.985761;0.955679;0.913945;
    0.78014;0.610197;0.438556;0.266714;0.167313;0.094013;0.057564;0.034787;
    0.022882;0.015178;0.010755;0.007663;0.005756;0.004292;0.00322;0.002283;
    0.001545;0.000879;0.000214];

% %band 7, Cirrus
% a7=1341:1402;
% b7=[0.000086;0.000194;0.000321;0.000469;0.000647;0.000856;0.001119;
%     0.001429;0.001828;0.002318;0.00303;0.004011;0.005398;0.007194;0.011124;
%     0.016985;0.026321;0.042756;0.06922;0.115351;0.182833;0.316333;0.45703;
%     0.596852;0.772118;0.862394;0.871575;0.930308;0.962664;0.931247;
%     0.938676;0.983748;0.999626;0.986968;1;0.983239;0.990577;0.963584;
%     0.964054;0.871343;0.872689;0.703198;0.606578;0.452434;0.29792;0.190978;
%     0.113055;0.066174;0.041513;0.026084;0.016218;0.009774;0.006839;
%     0.004358;0.00278;0.001809;0.001351;0.000887;0.000481;0.00022;0.000114;
%     0.000029];

%band 8, SWIR1
a8=1516:1696;
b8=[0.000067;0.000151;0.000249;0.000348;0.000466;0.000585;0.000758;
    0.000932;0.00115;0.001369;0.001613;0.001859;0.002172;0.002488;0.002881;
    0.003277;0.003772;0.004271;0.004898;0.005528;0.006421;0.007319;
    0.008459;0.009606;0.010989;0.012372;0.014303;0.016248;0.019029;
    0.021831;0.02589;0.029952;0.035171;0.040434;0.047864;0.055352;0.065732;
    0.076166;0.089024;0.101893;0.12015;0.138642;0.163127;0.187803;0.220261;
    0.252894;0.291359;0.329939;0.375648;0.42147;0.47356;0.525681;0.578787;
    0.631645;0.676683;0.721282;0.75477;0.788248;0.821155;0.854065;0.87337;
    0.89183;0.899817;0.907252;0.913009;0.918685;0.922953;0.927163;0.92686;
    0.926413;0.925059;0.923683;0.923953;0.924259;0.922828;0.921383;0.922061;
    0.922756;0.924648;0.926605;0.934552;0.942525;0.944351;0.945872;
    0.946175;0.946432;0.947006;0.947589;0.950194;0.952859;0.951303;
    0.94967;0.953047;0.956494;0.959047;0.961545;0.960048;0.958335;0.959835;
    0.96147;0.960857;0.960175;0.960813;0.961486;0.964703;0.967943;0.969314;
    0.970589;0.973713;0.976906;0.9791;0.981258;0.981285;0.981372;0.988609;
    0.995869;0.998021;1;0.999848;0.999642;0.99659;0.993439;0.986217;
    0.978989;0.967125;0.95512;0.936199;0.917239;0.879424;0.840967;0.796545;
    0.751893;0.694313;0.636542;0.573232;0.509946;0.451966;0.39403;0.34275;
    0.291752;0.251309;0.211153;0.180823;0.15054;0.128463;0.106664;0.090735;
    0.074941;0.06379;0.052752;0.045028;0.03731;0.031821;0.02635;0.022504;
    0.018724;0.016045;0.013394;0.011483;0.009587;0.008227;0.006882;0.00591;
    0.00494;0.004257;0.003576;0.003055;0.002541;0.00216;0.001781;0.001512;
    0.001244;0.00104;0.000837;0.000677;0.000517;0.000409;0.000301;0.000206;
    0.000112;0.00004];

%band 9, SWIR2
a9=2038:2350;
